$ 1 5.0E-6 10.20027730826997 54 5.0 50
L 384 416 336 416 0 0 true 5.0 0.0
t 432 416 480 416 0 1 -0.63128136236937 2.3499999995371895E-10 100.0
g 480 432 480 448 0
r 384 416 432 416 0 4700.0
r 640 416 688 416 0 4700.0
g 592 432 592 448 0
t 640 416 592 416 0 1 -0.019844988114614368 1.2875093691042853E-10 100.0
L 688 416 736 416 0 0 true 5.0 0.0
t 592 288 640 288 0 1 -2.79579569294883 0.019844988243365305 100.0
t 480 288 432 288 0 1 0.6114363743550173 0.6312813626043701 100.0
w 480 288 480 336 0
w 592 288 592 400 0
r 448 224 512 224 0 1000.0
r 560 224 624 224 0 1000.0
w 640 272 640 224 0
w 640 224 640 192 0
w 624 224 640 224 0
w 512 224 592 288 0
w 560 224 480 288 0
w 432 272 432 224 0
w 432 224 432 192 0
w 448 224 432 224 0
w 432 304 432 336 0
w 640 304 640 336 0
g 432 336 432 352 0
g 640 336 640 352 0
r 432 192 432 144 0 1000.0
r 640 192 640 144 0 1000.0
w 432 144 528 144 0
w 640 144 544 144 0
w 528 144 544 144 0
R 528 144 528 96 0 0 40.0 5.0 0.0 0.0 0.5
M 640 224 688 224 0 2.5
M 432 224 384 224 0 2.5
w 480 336 480 400 0
