$ 1 5.0E-6 16.13108636308289 57 5.0 50
a 576 256 720 256 0 15.0 -15.0 1000000.0
w 576 176 576 240 0
w 720 256 720 176 0
r 576 176 720 176 0 1000.0
w 576 272 576 320 0
g 576 320 576 352 0
w 576 240 528 240 0
w 528 240 528 208 0
w 528 240 528 272 0
r 400 208 336 208 0 1000.0
r 336 272 400 272 0 1000.0
R 336 208 288 208 0 1 200.0 5.0 0.0 0.0 0.5
R 336 272 288 272 0 3 20.0 2.0 0.0 0.0 0.5
O 720 256 784 256 0
w 528 272 528 352 0
r 400 352 336 352 0 1000.0
R 336 352 288 352 0 0 40.0 5.0 0.0 0.0 0.5
s 400 352 528 352 0 0 false
s 400 272 528 272 0 0 false
s 400 208 528 208 0 0 false
o 11 64 0 34 5.0 0.003125 0 -1
o 12 64 0 34 5.0 0.0015625 0 -1
o 13 64 0 34 20.0 9.765625E-5 1 -1
