$ 1 5.0E-6 16.13108636308289 57 5.0 50
a 720 240 864 240 0 15.0 -15.0 1000000.0
w 720 160 720 224 0
w 864 240 864 160 0
r 720 160 864 160 0 1000.0
w 720 256 720 304 0
g 720 304 720 336 0
w 720 224 672 224 0
w 672 224 672 208 0
w 672 224 672 304 0
r 448 208 384 208 0 4000.0
r 384 304 448 304 0 2000.0
O 864 240 928 240 0
w 672 304 672 400 0
r 448 400 384 400 0 1000.0
r 448 112 384 112 0 8000.0
w 672 112 672 208 0
w 624 112 672 112 0
w 624 208 672 208 0
w 624 304 672 304 0
w 384 112 320 112 0
R 320 112 320 64 0 0 40.0 10.0 0.0 0.0 0.5
t 528 144 528 112 0 1 -1.4430871534531583E-32 -10.0 100.0
w 544 112 624 112 0
w 512 112 448 112 0
r 528 160 464 160 0 7050.0
L 256 160 208 160 0 1 false 5.0 0.0
w 528 144 528 160 0
w 528 240 528 256 0
L 256 256 208 256 0 1 false 5.0 0.0
r 528 256 464 256 0 3525.0
w 512 208 448 208 0
t 528 240 528 208 0 1 -3.6048387319888266E-33 -10.0 100.0
w 544 208 624 208 0
w 320 112 320 208 0
w 320 208 384 208 0
w 544 304 624 304 0
t 528 336 528 304 0 1 -8.932117662912507E-34 -10.0 100.0
w 512 304 448 304 0
r 528 352 464 352 0 1752.5
L 256 352 208 352 0 0 false 5.0 0.0
w 528 336 528 352 0
w 384 304 320 304 0
w 320 304 320 208 0
w 672 400 624 400 0
w 528 432 528 448 0
L 256 448 208 448 0 1 false 5.0 0.0
r 528 448 464 448 0 873.0
w 512 400 448 400 0
t 528 432 528 400 0 1 -2.1959192010362354E-34 -10.0 100.0
w 544 400 624 400 0
w 384 400 320 400 0
w 320 400 320 304 0
w 464 160 256 160 0
w 464 256 256 256 0
w 464 352 256 352 0
w 464 448 256 448 0
o 11 64 0 34 7.62939453125E-5 9.765625E-5 0 -1
