$ 3 5.0E-6 1.7725424121461644 58 7.0 50
a 640 160 712 160 2 5.0 0.0 1000000.0
a 640 208 712 208 2 5.0 0.0 1000000.0
a 640 256 712 256 2 5.0 0.0 1000000.0
a 640 304 712 304 2 5.0 0.0 1000000.0
a 640 352 712 352 2 5.0 0.0 1000000.0
a 640 400 712 400 2 5.0 0.0 1000000.0
a 640 448 712 448 2 5.0 0.0 1000000.0
r 608 104 608 152 0 500.0
r 608 152 608 200 0 1000.0
r 608 200 608 248 0 1000.0
r 608 248 608 296 0 1000.0
r 608 296 608 344 0 1000.0
r 608 344 608 392 0 1000.0
r 608 392 608 440 0 1000.0
r 608 440 608 488 0 500.0
R 608 104 568 104 0 0 40.0 7.0 0.0 0.0 0.5
w 608 152 640 152 0
w 608 200 640 200 0
w 608 248 640 248 0
w 608 296 640 296 0
w 608 344 640 344 0
w 608 392 640 392 0
w 608 440 640 440 0
w 640 168 640 216 0
w 640 216 640 264 0
w 640 264 640 312 0
w 640 312 640 360 0
w 640 360 640 408 0
w 640 408 640 456 0
w 640 168 640 120 0
g 608 488 608 496 0
154 824 464 888 464 1 7 5.0
w 712 448 712 488 0
w 712 488 824 488 0
w 712 400 720 400 0
w 720 400 720 480 0
w 720 480 824 480 0
w 712 352 728 352 0
w 728 352 728 472 0
w 728 472 824 472 0
w 712 304 736 304 0
w 736 304 736 464 0
w 736 464 824 464 0
w 712 256 744 256 0
w 744 256 744 456 0
w 744 456 824 456 0
w 712 208 752 208 0
w 752 208 752 448 0
w 752 448 824 448 0
w 712 160 760 160 0
w 760 160 760 440 0
w 760 440 824 440 0
154 816 392 888 392 1 3 5.0
w 720 400 816 400 0
w 816 392 784 392 0
w 816 384 792 384 0
w 784 392 784 304 0
w 784 304 736 304 0
w 792 384 792 208 0
w 792 208 752 208 0
w 784 304 888 304 0
w 888 464 888 424 0
w 888 304 888 360 0
M 888 424 1008 424 0 2.5
M 888 392 1008 392 0 2.5
M 888 360 1008 360 0 2.5
w 320 432 528 432 0
p 528 256 528 432 0
w 432 256 528 256 0
w 432 176 432 256 0
w 320 176 432 176 0
w 320 240 320 176 0
a 320 256 432 256 0 15.0 -15.0 1000000.0
w 272 272 320 272 0
R 208 288 208 336 1 2 1000.0 2.5 2.5 0.0 0.1
159 144 272 272 272 0 20.0 1.0E10
w 80 432 320 432 0
c 320 272 320 432 0 1.0E-5 3.233941685439451
r 80 272 144 272 0 1.0E-6
v 80 432 80 272 0 1 40.0 3.5 3.5 0.0 0.5
w 528 256 528 48 0
w 528 48 640 48 0
w 640 48 640 120 0
o 65 32 0 54 6.0 2.44140625E-5 0 -1
o 64 32 0 54 6.0 9.765625E-5 0 -1
o 63 32 0 54 6.0 9.765625E-5 0 -1
o 67 64 0 34 20.0 9.765625E-5 1 -1
o 79 64 0 34 20.0 0.05 2 -1
