$ 1 5.0E-6 16.13108636308289 57 5.0 50
a 624 272 768 272 0 15.0 -15.0 1000000.0
w 624 192 624 256 0
w 768 272 768 192 0
r 624 192 768 192 0 1000.0
w 624 288 624 336 0
g 624 336 624 368 0
w 624 256 576 256 0
w 576 256 576 240 0
w 576 256 576 320 0
r 448 256 384 256 0 4000.0
r 384 336 448 336 0 2000.0
O 768 272 832 272 0
w 576 320 576 400 0
r 448 416 384 416 0 1000.0
r 448 160 384 160 0 8000.0
w 576 144 576 240 0
w 528 144 576 144 0
w 528 240 576 240 0
w 528 320 576 320 0
w 528 400 576 400 0
S 448 160 528 160 0 0 false 0
S 448 256 528 256 0 0 false 0
S 448 336 528 336 0 0 false 0
S 448 416 528 416 0 1 false 0
w 384 416 384 336 0
w 384 336 384 256 0
w 384 256 384 160 0
w 384 160 320 160 0
R 320 160 256 160 0 0 40.0 10.0 0.0 0.0 0.5
g 528 176 528 192 0
g 528 352 528 368 0
g 528 272 528 288 0
g 528 432 528 448 0
o 11 64 0 34 20.0 9.765625E-5 0 -1
